Keypair {
  _keypair: {
    publicKey: Uint8Array(32) [
      169,  92, 217, 198,  39,  24, 153, 193,
      203, 214, 196,  64, 123, 169, 153,  37,
      217, 246,  87,  45, 239, 134,  46,  84,
      232, 134, 177,  46,  51,   5,  63, 237
    ],
    secretKey: Uint8Array(64) [
      125,  27,  47, 122,  78, 240, 154,  44, 166, 163, 109,
       38, 180, 220,  94,   3, 251,  83,  94,  93, 128,  58,
      184,   1,  66, 151,  22, 155, 231,  54, 124, 134, 169,
       92, 217, 198,  39,  24, 153, 193, 203, 214, 196,  64,
      123, 169, 153,  37, 217, 246,  87,  45, 239, 134,  46,
       84, 232, 134, 177,  46,  51,   5,  63, 237
    ]
  }
}


  staking-program
PublicKey [PublicKey(CQ825M8BQpu9ZKVcxXrktAxyaLxJzEWXKu6i8yXVfch2)] {
  _bn: <BN: a95cd9c6271899c1cbd6c4407ba99925d9f6572def862e54e886b12e33053fed>
}